[37]
[37, 92]
[67, 37, 92]
[67, 37, 75, 92]
[67, 37, 58, 75, 92]
[67, 37, 58, 75, 92, 47]
[34, 67, 37, 58, 75, 92, 47]
[49, 34, 67, 37, 58, 75, 92, 47]
[49, 34, 67, 37, 58, 75, 92, 47]
[49, 17, 34, 67, 37, 58, 75, 92, 47]
[49, 17, 34, 98, 67, 37, 58, 75, 92, 47]

[103]
[103]
[100, 103]
[100, 103]
[100, 103, 108]
[100, 102, 103, 108]
[100, 101, 102, 103, 108]
[100, 101, 102, 103, 106, 108]
[100, 101, 102, 103, 105, 106, 108]
[100, 101, 102, 103, 105, 106, 108, 109]
[100, 101, 102, 103, 105, 106, 107, 108, 109]
[100, 101, 102, 103, 105, 106, 107, 108, 109]
[100, 101, 102, 103, 105, 106, 107, 108, 109]
[100, 101, 102, 103, 105, 106, 107, 108, 109]
[100, 101, 102, 103, 105, 106, 107, 108, 109]
[100, 101, 102, 103, 105, 106, 107, 108, 109]
[100, 101, 102, 103, 104, 105, 106, 107, 108, 109]

[149]
[149]
[149, 124]
[131, 149, 124]
[131, 100, 149, 124]
[131, 100, 149, 136, 124]
[131, 100, 149, 136, 124, 126]
[131, 100, 149, 102, 136, 124, 126]
[131, 100, 149, 102, 136, 124, 141, 126]
[146, 131, 100, 149, 102, 136, 124, 141, 126]
[146, 131, 100, 149, 102, 136, 124, 141, 126]
[146, 131, 100, 149, 102, 136, 124, 141, 126]
[146, 131, 100, 149, 102, 136, 120, 124, 141, 126]

[107]
[112, 107]
[112, 107, 110]
[112, 117, 107, 110]
[112, 116, 117, 107, 110]
[112, 116, 117, 107, 110]
[112, 114, 116, 117, 107, 110]
[112, 114, 116, 117, 107, 110]
[112, 114, 116, 117, 107, 110]
[112, 114, 116, 117, 104, 107, 110]
[112, 114, 116, 117, 104, 107, 110]
[112, 114, 116, 117, 104, 105, 107, 110]
[112, 114, 116, 117, 104, 105, 107, 110]
[112, 114, 116, 117, 104, 105, 107, 110]
[112, 114, 116, 117, 104, 105, 107, 108, 110]
[112, 114, 116, 117, 104, 105, 107, 108, 110]
[112, 114, 116, 117, 104, 105, 107, 108, 110]
[112, 114, 116, 117, 103, 104, 105, 107, 108, 110]

[109]
[109]
[104, 109]
[104, 106, 109]
[104, 106, 109, 111]
[104, 106, 108, 109, 111]
[104, 105, 106, 108, 109, 111]
[113, 104, 105, 106, 108, 109, 111]
[113, 104, 105, 106, 107, 108, 109, 111]
[113, 104, 105, 106, 107, 108, 109, 111]
[113, 104, 105, 106, 107, 108, 109, 111]
[113, 103, 104, 105, 106, 107, 108, 109, 111]
[113, 100, 103, 104, 105, 106, 107, 108, 109, 111]

[2]
[2, 6]
[2, 6, 14]
[2, 6, 9, 14]
[2, 6, 9, 14]
[2, 4, 6, 9, 14]
[2, 3, 4, 6, 9, 14]
[2, 3, 4, 6, 9, 14]
[2, 3, 4, 6, 9, 10, 14]
[1, 2, 3, 4, 6, 9, 10, 14]
[1, 2, 3, 4, 6, 9, 10, 14]
[1, 2, 3, 4, 6, 9, 10, 14]
[1, 2, 3, 4, 6, 9, 10, 14]
[1, 2, 3, 4, 6, 8, 9, 10, 14]
[1, 2, 3, 4, 6, 7, 8, 9, 10, 14]

[6]
[6, 9]
[6, 7, 9]
[1, 6, 7, 9]
[1, 6, 7, 8, 9]
[1, 6, 7, 8, 9]
[1, 2, 6, 7, 8, 9]
[1, 2, 6, 7, 8, 9]
[1, 2, 5, 6, 7, 8, 9]
[1, 2, 5, 6, 7, 8, 9]
[1, 2, 5, 6, 7, 8, 9]
[1, 2, 5, 6, 7, 8, 9, 10]
[1, 2, 5, 6, 7, 8, 9, 10, 15]
[1, 2, 5, 6, 7, 8, 9, 10, 13, 15]

[6]
[6, 9]
[6, 8, 9]
[6, 7, 8, 9]
[6, 7, 8, 9, 10]
[6, 7, 8, 9, 10, 11]
[6, 7, 8, 9, 10, 11]
[6, 7, 8, 9, 10, 11]
[6, 7, 8, 9, 10, 11, 12]
[6, 7, 8, 9, 10, 11, 12]
[2, 6, 7, 8, 9, 10, 11, 12]
[2, 6, 7, 8, 9, 10, 11, 12]
[2, 6, 7, 8, 9, 10, 11, 12]
[1, 2, 6, 7, 8, 9, 10, 11, 12]
[1, 2, 4, 6, 7, 8, 9, 10, 11, 12]

[4]
[3, 4]
[1, 3, 4]
[1, 3, 4, 7]
[1, 3, 4, 7, 12]
[1, 3, 4, 7, 12]
[1, 3, 4, 7, 12]
[1, 3, 4, 7, 12]
[1, 3, 4, 7, 12]
[1, 3, 4, 7, 11, 12]
[1, 3, 4, 7, 11, 12, 15]
[1, 3, 4, 7, 11, 12, 15]
[1, 3, 4, 7, 11, 12, 14, 15]
[1, 3, 4, 7, 8, 11, 12, 14, 15]
[1, 3, 4, 7, 8, 11, 12, 14, 15]
[1, 3, 4, 7, 8, 11, 12, 14, 15]
[1, 3, 4, 7, 8, 11, 12, 14, 15]
[1, 2, 3, 4, 7, 8, 11, 12, 14, 15]

[4]
[4, 20]
[4, 20, 8]
[4, 20, 8, 14]
[4, 20, 7, 8, 14]
[4, 20, 5, 7, 8, 14]
[4, 20, 5, 7, 8, 14, 15]
[4, 20, 5, 7, 8, 14, 15]
[4, 20, 5, 7, 8, 9, 14, 15]
[4, 20, 5, 7, 8, 9, 14, 15]
[4, 20, 5, 7, 8, 9, 14, 15]
[4, 20, 5, 7, 8, 9, 14, 15]
[4, 20, 5, 7, 8, 9, 14, 15]
[17, 4, 20, 5, 7, 8, 9, 14, 15]
[17, 4, 20, 5, 7, 8, 9, 14, 15]
[17, 4, 20, 5, 7, 8, 24, 9, 14, 15]

[5]
[5, 10]
[5, 10, 13]
[5, 10, 13]
[5, 7, 10, 13]
[5, 7, 10, 11, 13]
[3, 5, 7, 10, 11, 13]
[1, 3, 5, 7, 10, 11, 13]
[16, 1, 3, 5, 7, 10, 11, 13]
[16, 1, 3, 5, 7, 8, 10, 11, 13]
[16, 1, 3, 5, 7, 8, 10, 11, 13]
[16, 1, 3, 5, 7, 8, 10, 11, 13]
[16, 1, 3, 5, 7, 8, 10, 11, 13]
[16, 1, 3, 5, 7, 8, 10, 11, 13]
[16, 1, 3, 5, 7, 8, 10, 11, 13]
[16, 1, 3, 5, 7, 8, 10, 11, 13]
[16, 1, 3, 5, 7, 8, 9, 10, 11, 13]

[14]
[5, 14]
[5, 6, 14]
[5, 6, 14]
[16, 5, 6, 14]
[16, 5, 6, 13, 14]
[16, 20, 5, 6, 13, 14]
[16, 18, 20, 5, 6, 13, 14]
[16, 18, 20, 5, 6, 13, 14]
[16, 18, 20, 5, 6, 11, 13, 14]
[16, 18, 20, 4, 5, 6, 11, 13, 14]
[16, 18, 20, 4, 5, 6, 11, 13, 14]
[16, 18, 20, 4, 5, 6, 11, 13, 14]
[16, 18, 20, 4, 5, 6, 11, 13, 14]
[16, 18, 20, 4, 5, 6, 11, 13, 14, 15]

[13]
[2, 13]
[2, 9, 13]
[2, 18, 9, 13]
[2, 18, 6, 9, 13]
[2, 18, 6, 9, 13]
[2, 18, 6, 9, 10, 13]
[2, 18, 19, 6, 9, 10, 13]
[2, 18, 19, 6, 8, 9, 10, 13]
[2, 18, 19, 3, 6, 8, 9, 10, 13]
[2, 18, 19, 3, 6, 8, 9, 10, 11, 13]

[2]
[2, 6]
[2, 6, 10]
[2, 6, 8, 10]
[2, 6, 7, 8, 10]
[2, 4, 6, 7, 8, 10]
[2, 4, 6, 7, 8, 10]
[1, 2, 4, 6, 7, 8, 10]
[1, 2, 4, 6, 7, 8, 10]
[1, 2, 4, 6, 7, 8, 10]
[1, 2, 4, 6, 7, 8, 10]
[1, 2, 4, 6, 7, 8, 9, 10]
[1, 2, 4, 6, 7, 8, 9, 10]
[1, 2, 4, 6, 7, 8, 9, 10]
[1, 2, 4, 6, 7, 8, 9, 10]
[1, 2, 4, 6, 7, 8, 9, 10]
[1, 2, 4, 6, 7, 8, 9, 10]
[1, 2, 4, 6, 7, 8, 9, 10]
[1, 2, 4, 5, 6, 7, 8, 9, 10]
[1, 2, 4, 5, 6, 7, 8, 9, 10]
[1, 2, 4, 5, 6, 7, 8, 9, 10]
[1, 2, 4, 5, 6, 7, 8, 9, 10]
[1, 2, 4, 5, 6, 7, 8, 9, 10]
[1, 2, 4, 5, 6, 7, 8, 9, 10]
[1, 2, 4, 5, 6, 7, 8, 9, 10]
[1, 2, 4, 5, 6, 7, 8, 9, 10]
[1, 2, 4, 5, 6, 7, 8, 9, 10]
[1, 2, 4, 5, 6, 7, 8, 9, 10]
[1, 2, 4, 5, 6, 7, 8, 9, 10]
[1, 2, 4, 5, 6, 7, 8, 9, 10]
[1, 2, 4, 5, 6, 7, 8, 9, 10]
[1, 2, 4, 5, 6, 7, 8, 9, 10]
[1, 2, 3, 4, 5, 6, 7, 8, 9, 10]

[6]
[5, 6]
[5, 6]
[3, 5, 6]
[1, 3, 5, 6]
[1, 3, 5, 6]
[1, 3, 5, 6, 10]
[1, 3, 5, 6, 7, 10]
[1, 3, 5, 6, 7, 10]
[1, 3, 5, 6, 7, 10]
[1, 2, 3, 5, 6, 7, 10]
[1, 2, 3, 5, 6, 7, 10]
[1, 2, 3, 5, 6, 7, 10]
[1, 2, 3, 4, 5, 6, 7, 10]
[1, 2, 3, 4, 5, 6, 7, 10]
[1, 2, 3, 4, 5, 6, 7, 10]
[1, 2, 3, 4, 5, 6, 7, 8, 10]
[1, 2, 3, 4, 5, 6, 7, 8, 10]
[1, 2, 3, 4, 5, 6, 7, 8, 10]
[1, 2, 3, 4, 5, 6, 7, 8, 10]
[1, 2, 3, 4, 5, 6, 7, 8, 10]
[1, 2, 3, 4, 5, 6, 7, 8, 10]
[1, 2, 3, 4, 5, 6, 7, 8, 10]
[1, 2, 3, 4, 5, 6, 7, 8, 10]
[1, 2, 3, 4, 5, 6, 7, 8, 9, 10]

